8246	1	1	{(8246,1),(7190,1),(6560,1),(6925,1),(676,1),(2509,1),(3564,1),(9384,1),(3751,1),(7368,1),(997,1),(4011,1),(2301,1),(1841,1)}
7190	1	1	{(8246,1),(7190,1),(6560,1),(6925,1),(676,1),(2509,1),(3564,1),(9384,1),(3751,1),(7368,1),(997,1),(4011,1),(2301,1),(1841,1)}
6560	1	1	{(8246,1),(7190,1),(6560,1),(6925,1),(676,1),(2509,1),(3564,1),(9384,1),(3751,1),(7368,1),(997,1),(4011,1),(2301,1),(1841,1)}
6925	1	1	{(8246,1),(7190,1),(6560,1),(6925,1),(676,1),(2509,1),(3564,1),(9384,1),(3751,1),(7368,1),(997,1),(4011,1),(2301,1),(1841,1)}
676	1	1	{(8246,1),(7190,1),(6560,1),(6925,1),(676,1),(2509,1),(3564,1),(9384,1),(3751,1),(7368,1),(997,1),(4011,1),(2301,1),(1841,1)}
2509	1	1	{(8246,1),(7190,1),(6560,1),(6925,1),(676,1),(2509,1),(3564,1),(9384,1),(3751,1),(7368,1),(997,1),(4011,1),(2301,1),(1841,1)}
3564	1	1	{(8246,1),(7190,1),(6560,1),(6925,1),(676,1),(2509,1),(3564,1),(9384,1),(3751,1),(7368,1),(997,1),(4011,1),(2301,1),(1841,1)}
9384	1	1	{(8246,1),(7190,1),(6560,1),(6925,1),(676,1),(2509,1),(3564,1),(9384,1),(3751,1),(7368,1),(997,1),(4011,1),(2301,1),(1841,1)}
3751	1	1	{(8246,1),(7190,1),(6560,1),(6925,1),(676,1),(2509,1),(3564,1),(9384,1),(3751,1),(7368,1),(997,1),(4011,1),(2301,1),(1841,1)}
7368	1	1	{(8246,1),(7190,1),(6560,1),(6925,1),(676,1),(2509,1),(3564,1),(9384,1),(3751,1),(7368,1),(997,1),(4011,1),(2301,1),(1841,1)}
997	1	1	{(8246,1),(7190,1),(6560,1),(6925,1),(676,1),(2509,1),(3564,1),(9384,1),(3751,1),(7368,1),(997,1),(4011,1),(2301,1),(1841,1)}
4011	1	1	{(8246,1),(7190,1),(6560,1),(6925,1),(676,1),(2509,1),(3564,1),(9384,1),(3751,1),(7368,1),(997,1),(4011,1),(2301,1),(1841,1)}
2301	1	1	{(8246,1),(7190,1),(6560,1),(6925,1),(676,1),(2509,1),(3564,1),(9384,1),(3751,1),(7368,1),(997,1),(4011,1),(2301,1),(1841,1)}
1841	1	1	{(8246,1),(7190,1),(6560,1),(6925,1),(676,1),(2509,1),(3564,1),(9384,1),(3751,1),(7368,1),(997,1),(4011,1),(2301,1),(1841,1)}
835	2	2	{(835,2),(1381,2),(680,2),(4460,2)}
1381	2	2	{(835,2),(1381,2),(680,2),(4460,2)}
680	2	2	{(835,2),(1381,2),(680,2),(4460,2)}
4460	2	2	{(835,2),(1381,2),(680,2),(4460,2)}
182	100	100	{(182,100),(3502,100),(4266,100),(809,100)}
3502	100	100	{(182,100),(3502,100),(4266,100),(809,100)}
4266	100	100	{(182,100),(3502,100),(4266,100),(809,100)}
809	100	100	{(182,100),(3502,100),(4266,100),(809,100)}
3851	347	347	{(3851,347),(3106,347)}
3106	347	347	{(3851,347),(3106,347)}
4998	373	373	{(4998,373),(1348,373)}
1348	373	373	{(4998,373),(1348,373)}
4655	545	545	{(4655,545),(9019,545)}
9019	545	545	{(4655,545),(9019,545)}
745	643	643	{(745,643),(7643,643)}
7643	643	643	{(745,643),(7643,643)}
9471	952	952	{(9471,952),(2870,952)}
2870	952	952	{(9471,952),(2870,952)}
4707	999	999	{(4707,999),(5547,999)}
5547	999	999	{(4707,999),(5547,999)}
8672	1928	1928	{(8672,1928),(7985,1928)}
7985	1928	1928	{(8672,1928),(7985,1928)}
5031	1964	1964	{(5031,1964),(9220,1964)}
9220	1964	1964	{(5031,1964),(9220,1964)}
5648	1975	1975	{(5648,1975),(1884,1975)}
1884	1975	1975	{(5648,1975),(1884,1975)}
1118	2342	2342	{(1118,2342),(8089,2342)}
8089	2342	2342	{(1118,2342),(8089,2342)}
9559	2527	2527	{(9559,2527),(437,2527)}
437	2527	2527	{(9559,2527),(437,2527)}
3815	2773	2773	{(3815,2773),(3474,2773)}
3474	2773	2773	{(3815,2773),(3474,2773)}
3037	2897	2897	{(3037,2897),(8704,2897)}
8704	2897	2897	{(3037,2897),(8704,2897)}
3528	3024	3024	{(3528,3024),(2009,3024)}
2009	3024	3024	{(3528,3024),(2009,3024)}
8658	3128	3128	{(8658,3128),(9717,3128)}
9717	3128	3128	{(8658,3128),(9717,3128)}
6595	3644	3644	{(6595,3644),(5437,3644)}
5437	3644	3644	{(6595,3644),(5437,3644)}
6122	3705	3705	{(6122,3705),(7819,3705)}
7819	3705	3705	{(6122,3705),(7819,3705)}
9024	3835	3835	{(9024,3835),(3594,3835)}
3594	3835	3835	{(9024,3835),(3594,3835)}
6653	4010	4010	{(6653,4010),(8967,4010)}
8967	4010	4010	{(6653,4010),(8967,4010)}
3809	4061	4061	{(3809,4061),(6334,4061)}
6334	4061	4061	{(3809,4061),(6334,4061)}
5860	4388	4388	{(5860,4388),(4415,4388)}
4415	4388	4388	{(5860,4388),(4415,4388)}
8359	4551	4551	{(8359,4551),(7483,4551)}
7483	4551	4551	{(8359,4551),(7483,4551)}
1035	4727	4727	{(1035,4727),(4663,4727)}
4663	4727	4727	{(1035,4727),(4663,4727)}
7149	5344	5344	{(7149,5344),(6090,5344)}
6090	5344	5344	{(7149,5344),(6090,5344)}
6553	5401	5401	{(6553,5401),(9684,5401)}
9684	5401	5401	{(6553,5401),(9684,5401)}
1571	5405	5405	{(1571,5405),(5566,5405)}
5566	5405	5405	{(1571,5405),(5566,5405)}
9290	5839	5839	{(9290,5839),(1030,5839)}
1030	5839	5839	{(9290,5839),(1030,5839)}
9239	5851	5851	{(9239,5851),(9379,5851)}
9379	5851	5851	{(9239,5851),(9379,5851)}
4077	5882	5882	{(4077,5882),(52,5882)}
52	5882	5882	{(4077,5882),(52,5882)}
5114	6208	6208	{(5114,6208),(2406,6208)}
2406	6208	6208	{(5114,6208),(2406,6208)}
7318	6398	6398	{(7318,6398),(7281,6398)}
7281	6398	6398	{(7318,6398),(7281,6398)}
3828	6664	6664	{(3828,6664),(8962,6664)}
8962	6664	6664	{(3828,6664),(8962,6664)}
1554	7148	7148	{(1554,7148),(5511,7148)}
5511	7148	7148	{(1554,7148),(5511,7148)}
7992	7476	7476	{(7992,7476),(6838,7476)}
6838	7476	7476	{(7992,7476),(6838,7476)}
7523	7490	7490	{(7523,7490),(9722,7490)}
9722	7490	7490	{(7523,7490),(9722,7490)}
4294	8357	8357	{(4294,8357),(433,8357)}
433	8357	8357	{(4294,8357),(433,8357)}
5762	8681	8681	{(5762,8681),(3984,8681)}
3984	8681	8681	{(5762,8681),(3984,8681)}
8827	8686	8686	{(8827,8686),(9307,8686)}
9307	8686	8686	{(8827,8686),(9307,8686)}
7871	8976	8976	{(7871,8976),(589,8976)}
589	8976	8976	{(7871,8976),(589,8976)}
1174	9006	9006	{(1174,9006),(704,9006)}
704	9006	9006	{(1174,9006),(704,9006)}
5631	9164	9164	{(5631,9164),(9553,9164)}
9553	9164	9164	{(5631,9164),(9553,9164)}
2011	9254	9254	{(2011,9254),(2850,9254)}
2850	9254	9254	{(2011,9254),(2850,9254)}
7425	9278	9278	{(7425,9278),(9335,9278)}
9335	9278	9278	{(7425,9278),(9335,9278)}
6658	10103	10103	{(6658,10103),(816,10103)}
816	10103	10103	{(6658,10103),(816,10103)}
8958	10241	10241	{(8958,10241),(9647,10241)}
9647	10241	10241	{(8958,10241),(9647,10241)}
6200	10743	10743	{(6200,10743),(9921,10743)}
9921	10743	10743	{(6200,10743),(9921,10743)}
961	11308	11308	{(961,11308),(1936,11308)}
1936	11308	11308	{(961,11308),(1936,11308)}
2690	11337	11337	{(2690,11337),(9607,11337)}
9607	11337	11337	{(2690,11337),(9607,11337)}
7118	11475	11475	{(7118,11475),(1088,11475)}
1088	11475	11475	{(7118,11475),(1088,11475)}
3839	11479	11479	{(3839,11479),(7604,11479)}
7604	11479	11479	{(3839,11479),(7604,11479)}
1922	11561	11561	{(1922,11561),(4762,11561)}
4762	11561	11561	{(1922,11561),(4762,11561)}
4369	11811	11811	{(4369,11811),(2626,11811),(1613,11811)}
2626	11811	11811	{(4369,11811),(2626,11811),(1613,11811)}
1613	11811	11811	{(4369,11811),(2626,11811),(1613,11811)}
146	12502	12502	{(146,12502),(6582,12502)}
6582	12502	12502	{(146,12502),(6582,12502)}
6763	12515	12515	{(6763,12515),(7468,12515)}
7468	12515	12515	{(6763,12515),(7468,12515)}
5690	13002	13002	{(5690,13002),(576,13002)}
576	13002	13002	{(5690,13002),(576,13002)}
4655	13208	13208	{(4655,13208),(8826,13208)}
8826	13208	13208	{(4655,13208),(8826,13208)}
6438	13552	13552	{(6438,13552),(5329,13552)}
5329	13552	13552	{(6438,13552),(5329,13552)}
1123	13957	13957	{(1123,13957),(2896,13957)}
2896	13957	13957	{(1123,13957),(2896,13957)}
3662	14049	14049	{(3662,14049),(8376,14049)}
8376	14049	14049	{(3662,14049),(8376,14049)}
4009	14180	14180	{(4009,14180),(9660,14180)}
9660	14180	14180	{(4009,14180),(9660,14180)}
4876	14240	14240	{(4876,14240),(4748,14240)}
4748	14240	14240	{(4876,14240),(4748,14240)}
9501	15072	15072	{(9501,15072),(4330,15072)}
4330	15072	15072	{(9501,15072),(4330,15072)}
394	15194	15194	{(394,15194),(7814,15194)}
7814	15194	15194	{(394,15194),(7814,15194)}
5109	15206	15206	{(5109,15206),(3514,15206)}
3514	15206	15206	{(5109,15206),(3514,15206)}
3407	15207	15207	{(3407,15207),(9053,15207)}
9053	15207	15207	{(3407,15207),(9053,15207)}
3203	15871	15871	{(3203,15871),(3217,15871)}
3217	15871	15871	{(3203,15871),(3217,15871)}
263	15925	15925	{(263,15925),(8394,15925)}
8394	15925	15925	{(263,15925),(8394,15925)}
2039	16311	16311	{(2039,16311),(1956,16311)}
1956	16311	16311	{(2039,16311),(1956,16311)}
799	16471	16471	{(799,16471),(7954,16471)}
7954	16471	16471	{(799,16471),(7954,16471)}
5315	16644	16644	{(5315,16644),(8337,16644)}
8337	16644	16644	{(5315,16644),(8337,16644)}
4480	17023	17023	{(4480,17023),(6742,17023)}
6742	17023	17023	{(4480,17023),(6742,17023)}
4669	17025	17025	{(4669,17025),(7905,17025)}
7905	17025	17025	{(4669,17025),(7905,17025)}
8481	17219	17219	{(8481,17219),(6801,17219)}
6801	17219	17219	{(8481,17219),(6801,17219)}
2886	17719	17719	{(2886,17719),(5336,17719)}
5336	17719	17719	{(2886,17719),(5336,17719)}
2228	18050	18050	{(2228,18050),(4102,18050),(9917,18050)}
4102	18050	18050	{(2228,18050),(4102,18050),(9917,18050)}
9917	18050	18050	{(2228,18050),(4102,18050),(9917,18050)}
4110	18068	18068	{(4110,18068),(822,18068)}
822	18068	18068	{(4110,18068),(822,18068)}
183	18177	18177	{(183,18177),(5101,18177)}
5101	18177	18177	{(183,18177),(5101,18177)}
102	18669	18669	{(102,18669),(73,18669)}
73	18669	18669	{(102,18669),(73,18669)}
1276	18807	18807	{(1276,18807),(3506,18807)}
3506	18807	18807	{(1276,18807),(3506,18807)}
4204	19176	19176	{(4204,19176),(6658,19176)}
6658	19176	19176	{(4204,19176),(6658,19176)}
4681	19242	19242	{(4681,19242),(2330,19242)}
2330	19242	19242	{(4681,19242),(2330,19242)}
6330	19536	19536	{(6330,19536),(7905,19536)}
7905	19536	19536	{(6330,19536),(7905,19536)}
3767	19615	19615	{(3767,19615),(3877,19615)}
3877	19615	19615	{(3767,19615),(3877,19615)}
1242	19624	19624	{(1242,19624),(3844,19624)}
3844	19624	19624	{(1242,19624),(3844,19624)}
8524	20063	20063	{(8524,20063),(5276,20063)}
5276	20063	20063	{(8524,20063),(5276,20063)}
2685	20151	20151	{(2685,20151),(6254,20151)}
6254	20151	20151	{(2685,20151),(6254,20151)}
9921	20228	20228	{(9921,20228),(7967,20228)}
7967	20228	20228	{(9921,20228),(7967,20228)}
9687	20275	20275	{(9687,20275),(8837,20275)}
8837	20275	20275	{(9687,20275),(8837,20275)}
22	20511	20511	{(22,20511),(3532,20511)}
3532	20511	20511	{(22,20511),(3532,20511)}
6996	20997	20997	{(6996,20997),(3235,20997)}
3235	20997	20997	{(6996,20997),(3235,20997)}
81	21004	21004	{(81,21004),(1880,21004)}
1880	21004	21004	{(81,21004),(1880,21004)}
6746	21057	21057	{(6746,21057),(6076,21057)}
6076	21057	21057	{(6746,21057),(6076,21057)}
1107	21301	21301	{(1107,21301),(3008,21301)}
3008	21301	21301	{(1107,21301),(3008,21301)}
8822	21347	21347	{(8822,21347),(7065,21347)}
7065	21347	21347	{(8822,21347),(7065,21347)}
2299	21899	21899	{(2299,21899),(737,21899)}
737	21899	21899	{(2299,21899),(737,21899)}
1616	22638	22638	{(1616,22638),(3415,22638)}
3415	22638	22638	{(1616,22638),(3415,22638)}
8853	22684	22684	{(8853,22684),(660,22684)}
660	22684	22684	{(8853,22684),(660,22684)}
5035	22864	22864	{(5035,22864),(4763,22864)}
4763	22864	22864	{(5035,22864),(4763,22864)}
6455	23057	23057	{(6455,23057),(1224,23057)}
1224	23057	23057	{(6455,23057),(1224,23057)}
3065	23166	23166	{(3065,23166),(8687,23166)}
8687	23166	23166	{(3065,23166),(8687,23166)}
8244	23682	23682	{(8244,23682),(1468,23682)}
1468	23682	23682	{(8244,23682),(1468,23682)}
3065	23833	23833	{(3065,23833),(133,23833)}
133	23833	23833	{(3065,23833),(133,23833)}
7926	23964	23964	{(7926,23964),(7902,23964)}
7902	23964	23964	{(7926,23964),(7902,23964)}
6304	24561	24561	{(6304,24561),(8711,24561)}
8711	24561	24561	{(6304,24561),(8711,24561)}
4770	24572	24572	{(4770,24572),(1864,24572)}
1864	24572	24572	{(4770,24572),(1864,24572)}
7538	24818	24818	{(7538,24818),(4430,24818)}
4430	24818	24818	{(7538,24818),(4430,24818)}
5603	25272	25272	{(5603,25272),(5064,25272)}
5064	25272	25272	{(5603,25272),(5064,25272)}
3472	25370	25370	{(3472,25370),(7988,25370)}
7988	25370	25370	{(3472,25370),(7988,25370)}
6384	25560	25560	{(6384,25560),(3907,25560)}
3907	25560	25560	{(6384,25560),(3907,25560)}
7015	25880	25880	{(7015,25880),(950,25880)}
950	25880	25880	{(7015,25880),(950,25880)}
6074	26017	26017	{(6074,26017),(4411,26017)}
4411	26017	26017	{(6074,26017),(4411,26017)}
8957	26051	26051	{(8957,26051),(3411,26051)}
3411	26051	26051	{(8957,26051),(3411,26051)}
5969	26354	26354	{(5969,26354),(8182,26354)}
8182	26354	26354	{(5969,26354),(8182,26354)}
2059	26676	26676	{(2059,26676),(459,26676)}
459	26676	26676	{(2059,26676),(459,26676)}
5387	26768	26768	{(5387,26768),(6273,26768)}
6273	26768	26768	{(5387,26768),(6273,26768)}
8682	27201	27201	{(8682,27201),(8062,27201)}
8062	27201	27201	{(8682,27201),(8062,27201)}
5602	27565	27565	{(5602,27565),(1553,27565)}
1553	27565	27565	{(5602,27565),(1553,27565)}
1596	27579	27579	{(1596,27579),(176,27579)}
176	27579	27579	{(1596,27579),(176,27579)}
2376	27666	27666	{(2376,27666),(6863,27666)}
6863	27666	27666	{(2376,27666),(6863,27666)}
1848	27682	27682	{(1848,27682),(5975,27682)}
5975	27682	27682	{(1848,27682),(5975,27682)}
7661	27756	27756	{(7661,27756),(7895,27756),(976,27756)}
7895	27756	27756	{(7661,27756),(7895,27756),(976,27756)}
976	27756	27756	{(7661,27756),(7895,27756),(976,27756)}
9326	28009	28009	{(9326,28009),(4117,28009)}
4117	28009	28009	{(9326,28009),(4117,28009)}
2394	28140	28140	{(2394,28140),(3610,28140)}
3610	28140	28140	{(2394,28140),(3610,28140)}
5607	28276	28276	{(5607,28276),(1650,28276)}
1650	28276	28276	{(5607,28276),(1650,28276)}
6469	28402	28402	{(6469,28402),(1009,28402)}
1009	28402	28402	{(6469,28402),(1009,28402)}
9255	28601	28601	{(9255,28601),(5377,28601)}
5377	28601	28601	{(9255,28601),(5377,28601)}
9076	28712	28712	{(9076,28712),(707,28712)}
707	28712	28712	{(9076,28712),(707,28712)}
4302	29172	29172	{(4302,29172),(57,29172)}
57	29172	29172	{(4302,29172),(57,29172)}
5852	29232	29232	{(5852,29232),(7824,29232)}
7824	29232	29232	{(5852,29232),(7824,29232)}
6088	29427	29427	{(6088,29427),(6352,29427)}
6352	29427	29427	{(6088,29427),(6352,29427)}
9332	29435	29435	{(9332,29435),(5651,29435)}
5651	29435	29435	{(9332,29435),(5651,29435)}
88	29446	29446	{(88,29446),(4421,29446)}
4421	29446	29446	{(88,29446),(4421,29446)}
1158	29531	29531	{(1158,29531),(5368,29531)}
5368	29531	29531	{(1158,29531),(5368,29531)}
6113	29550	29550	{(6113,29550),(1948,29550)}
1948	29550	29550	{(6113,29550),(1948,29550)}
5706	30032	30032	{(5706,30032),(4527,30032)}
4527	30032	30032	{(5706,30032),(4527,30032)}
7850	30081	30081	{(7850,30081),(9855,30081)}
9855	30081	30081	{(7850,30081),(9855,30081)}
78	30385	30385	{(78,30385),(8570,30385)}
8570	30385	30385	{(78,30385),(8570,30385)}
8131	31081	31081	{(8131,31081),(3488,31081)}
3488	31081	31081	{(8131,31081),(3488,31081)}
5808	31100	31100	{(5808,31100),(2173,31100)}
2173	31100	31100	{(5808,31100),(2173,31100)}
6590	31106	31106	{(6590,31106),(7056,31106)}
7056	31106	31106	{(6590,31106),(7056,31106)}
2400	31302	31302	{(2400,31302),(2489,31302)}
2489	31302	31302	{(2400,31302),(2489,31302)}
937	31339	31339	{(937,31339),(4796,31339)}
4796	31339	31339	{(937,31339),(4796,31339)}
6786	31633	31633	{(6786,31633),(466,31633)}
466	31633	31633	{(6786,31633),(466,31633)}
9610	31746	31746	{(9610,31746),(7655,31746)}
7655	31746	31746	{(9610,31746),(7655,31746)}
941	31951	31951	{(941,31951),(6049,31951)}
6049	31951	31951	{(941,31951),(6049,31951)}
8093	32511	32511	{(8093,32511),(696,32511)}
696	32511	32511	{(8093,32511),(696,32511)}
9768	32750	32750	{(9768,32750),(5508,32750)}
5508	32750	32750	{(9768,32750),(5508,32750)}
9954	32806	32806	{(9954,32806),(1760,32806)}
1760	32806	32806	{(9954,32806),(1760,32806)}
5884	32834	32834	{(5884,32834),(6248,32834)}
6248	32834	32834	{(5884,32834),(6248,32834)}
3330	32921	32921	{(3330,32921),(8376,32921)}
8376	32921	32921	{(3330,32921),(8376,32921)}
2697	33003	33003	{(2697,33003),(1442,33003)}
1442	33003	33003	{(2697,33003),(1442,33003)}
817	33387	33387	{(817,33387),(8364,33387)}
8364	33387	33387	{(817,33387),(8364,33387)}
4110	33552	33552	{(4110,33552),(4585,33552)}
4585	33552	33552	{(4110,33552),(4585,33552)}
2240	34085	34085	{(2240,34085),(2922,34085)}
2922	34085	34085	{(2240,34085),(2922,34085)}
509	34749	34749	{(509,34749),(8720,34749)}
8720	34749	34749	{(509,34749),(8720,34749)}
4627	35004	35004	{(4627,35004),(2803,35004)}
2803	35004	35004	{(4627,35004),(2803,35004)}
5160	35144	35144	{(5160,35144),(5153,35144)}
5153	35144	35144	{(5160,35144),(5153,35144)}
5785	35187	35187	{(5785,35187),(7175,35187)}
7175	35187	35187	{(5785,35187),(7175,35187)}
1647	35355	35355	{(1647,35355),(717,35355)}
717	35355	35355	{(1647,35355),(717,35355)}
621	35365	35365	{(621,35365),(3145,35365)}
3145	35365	35365	{(621,35365),(3145,35365)}
6863	35606	35606	{(6863,35606),(3584,35606)}
3584	35606	35606	{(6863,35606),(3584,35606)}
6396	35710	35710	{(6396,35710),(4378,35710)}
4378	35710	35710	{(6396,35710),(4378,35710)}
3872	35803	35803	{(3872,35803),(4577,35803)}
4577	35803	35803	{(3872,35803),(4577,35803)}
434	36693	36693	{(434,36693),(2432,36693)}
2432	36693	36693	{(434,36693),(2432,36693)}
1791	36910	36910	{(1791,36910),(6567,36910)}
6567	36910	36910	{(1791,36910),(6567,36910)}
7920	37117	37117	{(7920,37117),(1780,37117)}
1780	37117	37117	{(7920,37117),(1780,37117)}
9562	37124	37124	{(9562,37124),(199,37124)}
199	37124	37124	{(9562,37124),(199,37124)}
6709	37150	37150	{(6709,37150),(1059,37150),(619,37150)}
1059	37150	37150	{(6709,37150),(1059,37150),(619,37150)}
619	37150	37150	{(6709,37150),(1059,37150),(619,37150)}
2112	37513	37513	{(2112,37513),(7715,37513)}
7715	37513	37513	{(2112,37513),(7715,37513)}
290	37878	37878	{(290,37878),(556,37878)}
556	37878	37878	{(290,37878),(556,37878)}
7849	37889	37889	{(7849,37889),(2022,37889)}
2022	37889	37889	{(7849,37889),(2022,37889)}
1428	38364	38364	{(1428,38364),(6839,38364)}
6839	38364	38364	{(1428,38364),(6839,38364)}
1131	38378	38378	{(1131,38378),(4340,38378)}
4340	38378	38378	{(1131,38378),(4340,38378)}
7763	38436	38436	{(7763,38436),(7318,38436)}
7318	38436	38436	{(7763,38436),(7318,38436)}
1526	38902	38902	{(1526,38902),(8401,38902)}
8401	38902	38902	{(1526,38902),(8401,38902)}
639	39700	39700	{(639,39700),(1829,39700)}
1829	39700	39700	{(639,39700),(1829,39700)}
929	39759	39759	{(929,39759),(9209,39759)}
9209	39759	39759	{(929,39759),(9209,39759)}
9292	39868	39868	{(9292,39868),(927,39868)}
927	39868	39868	{(9292,39868),(927,39868)}
1134	39887	39887	{(1134,39887),(7060,39887)}
7060	39887	39887	{(1134,39887),(7060,39887)}
6638	39933	39933	{(6638,39933),(9578,39933)}
9578	39933	39933	{(6638,39933),(9578,39933)}
5064	40168	40168	{(5064,40168),(204,40168)}
204	40168	40168	{(5064,40168),(204,40168)}
7212	40502	40502	{(7212,40502),(9107,40502)}
9107	40502	40502	{(7212,40502),(9107,40502)}
1547	40648	40648	{(1547,40648),(3042,40648)}
3042	40648	40648	{(1547,40648),(3042,40648)}
9471	40658	40658	{(9471,40658),(9963,40658)}
9963	40658	40658	{(9471,40658),(9963,40658)}
9126	40710	40710	{(9126,40710),(6974,40710)}
6974	40710	40710	{(9126,40710),(6974,40710)}
6243	40800	40800	{(6243,40800),(2756,40800)}
2756	40800	40800	{(6243,40800),(2756,40800)}
4969	41082	41082	{(4969,41082),(9762,41082)}
9762	41082	41082	{(4969,41082),(9762,41082)}
3182	41411	41411	{(3182,41411),(4706,41411)}
4706	41411	41411	{(3182,41411),(4706,41411)}
5882	41445	41445	{(5882,41445),(1728,41445)}
1728	41445	41445	{(5882,41445),(1728,41445)}
7712	41490	41490	{(7712,41490),(9238,41490)}
9238	41490	41490	{(7712,41490),(9238,41490)}
2895	41674	41674	{(2895,41674),(1092,41674)}
1092	41674	41674	{(2895,41674),(1092,41674)}
7301	41739	41739	{(7301,41739),(9400,41739)}
9400	41739	41739	{(7301,41739),(9400,41739)}
2765	41748	41748	{(2765,41748),(782,41748)}
782	41748	41748	{(2765,41748),(782,41748)}
3248	41833	41833	{(3248,41833),(9948,41833)}
9948	41833	41833	{(3248,41833),(9948,41833)}
2808	42086	42086	{(2808,42086),(938,42086)}
938	42086	42086	{(2808,42086),(938,42086)}
7987	42368	42368	{(7987,42368),(6547,42368)}
6547	42368	42368	{(7987,42368),(6547,42368)}
5610	42497	42497	{(5610,42497),(4016,42497)}
4016	42497	42497	{(5610,42497),(4016,42497)}
1365	42771	42771	{(1365,42771),(6649,42771)}
6649	42771	42771	{(1365,42771),(6649,42771)}
291	43006	43006	{(291,43006),(852,43006)}
852	43006	43006	{(291,43006),(852,43006)}
5216	43056	43056	{(5216,43056),(913,43056)}
913	43056	43056	{(5216,43056),(913,43056)}
6405	43464	43464	{(6405,43464),(1055,43464)}
1055	43464	43464	{(6405,43464),(1055,43464)}
6144	43920	43920	{(6144,43920),(3022,43920)}
3022	43920	43920	{(6144,43920),(3022,43920)}
2737	44759	44759	{(2737,44759),(47,44759)}
47	44759	44759	{(2737,44759),(47,44759)}
513	44992	44992	{(513,44992),(5220,44992)}
5220	44992	44992	{(513,44992),(5220,44992)}
1423	45280	45280	{(1423,45280),(8917,45280)}
8917	45280	45280	{(1423,45280),(8917,45280)}
9217	45414	45414	{(9217,45414),(6944,45414)}
6944	45414	45414	{(9217,45414),(6944,45414)}
1095	45488	45488	{(1095,45488),(1465,45488)}
1465	45488	45488	{(1095,45488),(1465,45488)}
9955	45879	45879	{(9955,45879),(383,45879)}
383	45879	45879	{(9955,45879),(383,45879)}
2897	45998	45998	{(2897,45998),(6763,45998)}
6763	45998	45998	{(2897,45998),(6763,45998)}
1915	46050	46050	{(1915,46050),(4230,46050),(2169,46050)}
4230	46050	46050	{(1915,46050),(4230,46050),(2169,46050)}
2169	46050	46050	{(1915,46050),(4230,46050),(2169,46050)}
1321	46215	46215	{(1321,46215),(6817,46215)}
6817	46215	46215	{(1321,46215),(6817,46215)}
507	46687	46687	{(507,46687),(6796,46687)}
6796	46687	46687	{(507,46687),(6796,46687)}
2211	46718	46718	{(2211,46718),(4673,46718)}
4673	46718	46718	{(2211,46718),(4673,46718)}
7225	46991	46991	{(7225,46991),(4421,46991)}
4421	46991	46991	{(7225,46991),(4421,46991)}
6329	47134	47134	{(6329,47134),(9236,47134)}
9236	47134	47134	{(6329,47134),(9236,47134)}
5344	47506	47506	{(5344,47506),(6557,47506)}
6557	47506	47506	{(5344,47506),(6557,47506)}
9609	47612	47612	{(9609,47612),(8936,47612)}
8936	47612	47612	{(9609,47612),(8936,47612)}
174	47642	47642	{(174,47642),(8038,47642)}
8038	47642	47642	{(174,47642),(8038,47642)}
3319	47823	47823	{(3319,47823),(7301,47823)}
7301	47823	47823	{(3319,47823),(7301,47823)}
1859	47943	47943	{(1859,47943),(4283,47943)}
4283	47943	47943	{(1859,47943),(4283,47943)}
3306	48049	48049	{(3306,48049),(1262,48049)}
1262	48049	48049	{(3306,48049),(1262,48049)}
1872	48081	48081	{(1872,48081),(3889,48081)}
3889	48081	48081	{(1872,48081),(3889,48081)}
8133	48218	48218	{(8133,48218),(1238,48218)}
1238	48218	48218	{(8133,48218),(1238,48218)}
4065	48231	48231	{(4065,48231),(9020,48231)}
9020	48231	48231	{(4065,48231),(9020,48231)}
3354	48367	48367	{(3354,48367),(7415,48367)}
7415	48367	48367	{(3354,48367),(7415,48367)}
224	48376	48376	{(224,48376),(8531,48376)}
8531	48376	48376	{(224,48376),(8531,48376)}
6671	48436	48436	{(6671,48436),(9580,48436)}
9580	48436	48436	{(6671,48436),(9580,48436)}
4123	48465	48465	{(4123,48465),(1491,48465)}
1491	48465	48465	{(4123,48465),(1491,48465)}
8082	48713	48713	{(8082,48713),(7099,48713)}
7099	48713	48713	{(8082,48713),(7099,48713)}
6222	48815	48815	{(6222,48815),(2141,48815)}
2141	48815	48815	{(6222,48815),(2141,48815)}
9089	49363	49363	{(9089,49363),(6392,49363)}
6392	49363	49363	{(9089,49363),(6392,49363)}
4741	49382	49382	{(4741,49382),(9282,49382)}
9282	49382	49382	{(4741,49382),(9282,49382)}
5331	49592	49592	{(5331,49592),(4234,49592)}
4234	49592	49592	{(5331,49592),(4234,49592)}
1920	49656	49656	{(1920,49656),(5436,49656)}
5436	49656	49656	{(1920,49656),(5436,49656)}
1081	49903	49903	{(1081,49903),(843,49903)}
843	49903	49903	{(1081,49903),(843,49903)}
1377	49912	49912	{(1377,49912),(7566,49912)}
7566	49912	49912	{(1377,49912),(7566,49912)}
8580	49945	49945	{(8580,49945),(1851,49945)}
1851	49945	49945	{(8580,49945),(1851,49945)}
2099	50074	50074	{(2099,50074),(6418,50074)}
6418	50074	50074	{(2099,50074),(6418,50074)}
3442	50227	50227	{(3442,50227),(488,50227)}
488	50227	50227	{(3442,50227),(488,50227)}
8426	50500	50500	{(8426,50500),(3054,50500)}
3054	50500	50500	{(8426,50500),(3054,50500)}
2393	50654	50654	{(2393,50654),(7459,50654)}
7459	50654	50654	{(2393,50654),(7459,50654)}
5279	50713	50713	{(5279,50713),(2840,50713)}
2840	50713	50713	{(5279,50713),(2840,50713)}
3664	51073	51073	{(3664,51073),(9909,51073)}
9909	51073	51073	{(3664,51073),(9909,51073)}
1779	51654	51654	{(1779,51654),(2913,51654)}
2913	51654	51654	{(1779,51654),(2913,51654)}
7925	51705	51705	{(7925,51705),(6094,51705)}
6094	51705	51705	{(7925,51705),(6094,51705)}
1722	51720	51720	{(1722,51720),(6385,51720)}
6385	51720	51720	{(1722,51720),(6385,51720)}
7258	51845	51845	{(7258,51845),(7510,51845)}
7510	51845	51845	{(7258,51845),(7510,51845)}
6428	51865	51865	{(6428,51865),(9927,51865)}
9927	51865	51865	{(6428,51865),(9927,51865)}
4391	51909	51909	{(4391,51909),(9152,51909)}
9152	51909	51909	{(4391,51909),(9152,51909)}
1553	51993	51993	{(1553,51993),(5005,51993)}
5005	51993	51993	{(1553,51993),(5005,51993)}
8953	52050	52050	{(8953,52050),(5034,52050)}
5034	52050	52050	{(8953,52050),(5034,52050)}
4541	52366	52366	{(4541,52366),(905,52366)}
905	52366	52366	{(4541,52366),(905,52366)}
9109	52653	52653	{(9109,52653),(2671,52653),(8156,52653)}
2671	52653	52653	{(9109,52653),(2671,52653),(8156,52653)}
8156	52653	52653	{(9109,52653),(2671,52653),(8156,52653)}
6451	52780	52780	{(6451,52780),(2460,52780)}
2460	52780	52780	{(6451,52780),(2460,52780)}
1812	52808	52808	{(1812,52808),(1654,52808)}
1654	52808	52808	{(1812,52808),(1654,52808)}
2567	52846	52846	{(2567,52846),(8477,52846)}
8477	52846	52846	{(2567,52846),(8477,52846)}
9604	53458	53458	{(9604,53458),(1233,53458)}
1233	53458	53458	{(9604,53458),(1233,53458)}
389	53630	53630	{(389,53630),(4320,53630)}
4320	53630	53630	{(389,53630),(4320,53630)}
728	53947	53947	{(728,53947),(8643,53947)}
8643	53947	53947	{(728,53947),(8643,53947)}
3995	54499	54499	{(3995,54499),(5600,54499)}
5600	54499	54499	{(3995,54499),(5600,54499)}
2783	54568	54568	{(2783,54568),(2379,54568)}
2379	54568	54568	{(2783,54568),(2379,54568)}
4406	54664	54664	{(4406,54664),(642,54664)}
642	54664	54664	{(4406,54664),(642,54664)}
5630	54677	54677	{(5630,54677),(1847,54677)}
1847	54677	54677	{(5630,54677),(1847,54677)}
100	54709	54709	{(100,54709),(2799,54709)}
2799	54709	54709	{(100,54709),(2799,54709)}
3556	54772	54772	{(3556,54772),(7071,54772)}
7071	54772	54772	{(3556,54772),(7071,54772)}
3567	54780	54780	{(3567,54780),(3469,54780)}
3469	54780	54780	{(3567,54780),(3469,54780)}
9927	54853	54853	{(9927,54853),(9254,54853)}
9254	54853	54853	{(9927,54853),(9254,54853)}
3717	55553	55553	{(3717,55553),(9479,55553)}
9479	55553	55553	{(3717,55553),(9479,55553)}
2926	55878	55878	{(2926,55878),(4072,55878)}
4072	55878	55878	{(2926,55878),(4072,55878)}
5914	55972	55972	{(5914,55972),(4900,55972)}
4900	55972	55972	{(5914,55972),(4900,55972)}
3738	56243	56243	{(3738,56243),(880,56243)}
880	56243	56243	{(3738,56243),(880,56243)}
3773	56283	56283	{(3773,56283),(5300,56283),(6248,56283)}
5300	56283	56283	{(3773,56283),(5300,56283),(6248,56283)}
6248	56283	56283	{(3773,56283),(5300,56283),(6248,56283)}
7014	56340	56340	{(7014,56340),(2670,56340)}
2670	56340	56340	{(7014,56340),(2670,56340)}
4474	56851	56851	{(4474,56851),(1164,56851)}
1164	56851	56851	{(4474,56851),(1164,56851)}
2136	56858	56858	{(2136,56858),(8822,56858)}
8822	56858	56858	{(2136,56858),(8822,56858)}
7870	56864	56864	{(7870,56864),(8235,56864)}
8235	56864	56864	{(7870,56864),(8235,56864)}
2067	56909	56909	{(2067,56909),(4104,56909)}
4104	56909	56909	{(2067,56909),(4104,56909)}
3185	57146	57146	{(3185,57146),(1934,57146)}
1934	57146	57146	{(3185,57146),(1934,57146)}
5536	57568	57568	{(5536,57568),(7485,57568)}
7485	57568	57568	{(5536,57568),(7485,57568)}
4869	57638	57638	{(4869,57638),(528,57638)}
528	57638	57638	{(4869,57638),(528,57638)}
9862	57675	57675	{(9862,57675),(3630,57675)}
3630	57675	57675	{(9862,57675),(3630,57675)}
2989	57877	57877	{(2989,57877),(240,57877)}
240	57877	57877	{(2989,57877),(240,57877)}
5636	58041	58041	{(5636,58041),(8595,58041)}
8595	58041	58041	{(5636,58041),(8595,58041)}
1931	58404	58404	{(1931,58404),(5357,58404),(7600,58404)}
5357	58404	58404	{(1931,58404),(5357,58404),(7600,58404)}
7600	58404	58404	{(1931,58404),(5357,58404),(7600,58404)}
1416	58593	58593	{(1416,58593),(3525,58593)}
3525	58593	58593	{(1416,58593),(3525,58593)}
8723	59291	59291	{(8723,59291),(8272,59291)}
8272	59291	59291	{(8723,59291),(8272,59291)}
2533	59456	59456	{(2533,59456),(4978,59456)}
4978	59456	59456	{(2533,59456),(4978,59456)}
1812	59488	59488	{(1812,59488),(9511,59488)}
9511	59488	59488	{(1812,59488),(9511,59488)}
4193	59507	59507	{(4193,59507),(4827,59507)}
4827	59507	59507	{(4193,59507),(4827,59507)}
3516	59756	59756	{(3516,59756),(2565,59756)}
2565	59756	59756	{(3516,59756),(2565,59756)}
5403	60028	60028	{(5403,60028),(1582,60028)}
1582	60028	60028	{(5403,60028),(1582,60028)}
6483	60117	60117	{(6483,60117),(9601,60117)}
9601	60117	60117	{(6483,60117),(9601,60117)}
4909	60138	60138	{(4909,60138),(9704,60138)}
9704	60138	60138	{(4909,60138),(9704,60138)}
9133	60145	60145	{(9133,60145),(9833,60145)}
9833	60145	60145	{(9133,60145),(9833,60145)}
7404	60172	60172	{(7404,60172),(5122,60172)}
5122	60172	60172	{(7404,60172),(5122,60172)}
5538	60294	60294	{(5538,60294),(1751,60294)}
1751	60294	60294	{(5538,60294),(1751,60294)}
2218	60381	60381	{(2218,60381),(6101,60381)}
6101	60381	60381	{(2218,60381),(6101,60381)}
1348	61407	61407	{(1348,61407),(9653,61407)}
9653	61407	61407	{(1348,61407),(9653,61407)}
1769	61873	61873	{(1769,61873),(9828,61873)}
9828	61873	61873	{(1769,61873),(9828,61873)}
1240	62248	62248	{(1240,62248),(2506,62248)}
2506	62248	62248	{(1240,62248),(2506,62248)}
1110	62858	62858	{(1110,62858),(8069,62858)}
8069	62858	62858	{(1110,62858),(8069,62858)}
2375	63098	63098	{(2375,63098),(1818,63098)}
1818	63098	63098	{(2375,63098),(1818,63098)}
6973	63108	63108	{(6973,63108),(8301,63108)}
8301	63108	63108	{(6973,63108),(8301,63108)}
863	63121	63121	{(863,63121),(5151,63121)}
5151	63121	63121	{(863,63121),(5151,63121)}
4024	63153	63153	{(4024,63153),(8494,63153)}
8494	63153	63153	{(4024,63153),(8494,63153)}
4489	63730	63730	{(4489,63730),(4222,63730)}
4222	63730	63730	{(4489,63730),(4222,63730)}
320	63752	63752	{(320,63752),(3259,63752)}
3259	63752	63752	{(320,63752),(3259,63752)}
9314	63801	63801	{(9314,63801),(4411,63801)}
4411	63801	63801	{(9314,63801),(4411,63801)}
9633	64573	64573	{(9633,64573),(5327,64573)}
5327	64573	64573	{(9633,64573),(5327,64573)}
7206	65395	65395	{(7206,65395),(4961,65395)}
4961	65395	65395	{(7206,65395),(4961,65395)}
7903	65525	65525	{(7903,65525),(8702,65525)}
8702	65525	65525	{(7903,65525),(8702,65525)}
2955	65578	65578	{(2955,65578),(3967,65578)}
3967	65578	65578	{(2955,65578),(3967,65578)}
3412	65695	65695	{(3412,65695),(6197,65695)}
6197	65695	65695	{(3412,65695),(6197,65695)}
3925	65926	65926	{(3925,65926),(8737,65926)}
8737	65926	65926	{(3925,65926),(8737,65926)}
7982	65930	65930	{(7982,65930),(4667,65930)}
4667	65930	65930	{(7982,65930),(4667,65930)}
8126	66036	66036	{(8126,66036),(8570,66036)}
8570	66036	66036	{(8126,66036),(8570,66036)}
4523	66053	66053	{(4523,66053),(3222,66053)}
3222	66053	66053	{(4523,66053),(3222,66053)}
1932	66169	66169	{(1932,66169),(8741,66169)}
8741	66169	66169	{(1932,66169),(8741,66169)}
1757	66233	66233	{(1757,66233),(1728,66233),(3807,66233)}
1728	66233	66233	{(1757,66233),(1728,66233),(3807,66233)}
3807	66233	66233	{(1757,66233),(1728,66233),(3807,66233)}
4532	66395	66395	{(4532,66395),(2608,66395)}
2608	66395	66395	{(4532,66395),(2608,66395)}
8685	66561	66561	{(8685,66561),(2402,66561)}
2402	66561	66561	{(8685,66561),(2402,66561)}
4583	66775	66775	{(4583,66775),(4674,66775)}
4674	66775	66775	{(4583,66775),(4674,66775)}
9254	66925	66925	{(9254,66925),(241,66925)}
241	66925	66925	{(9254,66925),(241,66925)}
3553	66959	66959	{(3553,66959),(361,66959)}
361	66959	66959	{(3553,66959),(361,66959)}
413	66966	66966	{(413,66966),(2052,66966)}
2052	66966	66966	{(413,66966),(2052,66966)}
6321	67007	67007	{(6321,67007),(7231,67007)}
7231	67007	67007	{(6321,67007),(7231,67007)}
5562	67224	67224	{(5562,67224),(9740,67224)}
9740	67224	67224	{(5562,67224),(9740,67224)}
8851	67406	67406	{(8851,67406),(4836,67406)}
4836	67406	67406	{(8851,67406),(4836,67406)}
4296	67664	67664	{(4296,67664),(9242,67664)}
9242	67664	67664	{(4296,67664),(9242,67664)}
9280	67702	67702	{(9280,67702),(4946,67702)}
4946	67702	67702	{(9280,67702),(4946,67702)}
611	68014	68014	{(611,68014),(6257,68014)}
6257	68014	68014	{(611,68014),(6257,68014)}
5974	68792	68792	{(5974,68792),(4130,68792)}
4130	68792	68792	{(5974,68792),(4130,68792)}
232	68812	68812	{(232,68812),(2578,68812)}
2578	68812	68812	{(232,68812),(2578,68812)}
5044	69495	69495	{(5044,69495),(1417,69495)}
1417	69495	69495	{(5044,69495),(1417,69495)}
1231	69534	69534	{(1231,69534),(4135,69534)}
4135	69534	69534	{(1231,69534),(4135,69534)}
6907	69551	69551	{(6907,69551),(8210,69551)}
8210	69551	69551	{(6907,69551),(8210,69551)}
7659	69758	69758	{(7659,69758),(8936,69758)}
8936	69758	69758	{(7659,69758),(8936,69758)}
8188	69845	69845	{(8188,69845),(583,69845)}
583	69845	69845	{(8188,69845),(583,69845)}
9298	70010	70010	{(9298,70010),(6657,70010)}
6657	70010	70010	{(9298,70010),(6657,70010)}
3870	70169	70169	{(3870,70169),(8713,70169)}
8713	70169	70169	{(3870,70169),(8713,70169)}
4710	70743	70743	{(4710,70743),(7583,70743)}
7583	70743	70743	{(4710,70743),(7583,70743)}
9988	70913	70913	{(9988,70913),(2396,70913)}
2396	70913	70913	{(9988,70913),(2396,70913)}
3812	71288	71288	{(3812,71288),(3478,71288)}
3478	71288	71288	{(3812,71288),(3478,71288)}
96	71459	71459	{(96,71459),(5328,71459)}
5328	71459	71459	{(96,71459),(5328,71459)}
5325	71776	71776	{(5325,71776),(2723,71776)}
2723	71776	71776	{(5325,71776),(2723,71776)}
5659	72433	72433	{(5659,72433),(806,72433)}
806	72433	72433	{(5659,72433),(806,72433)}
5452	72976	72976	{(5452,72976),(5608,72976)}
5608	72976	72976	{(5452,72976),(5608,72976)}
2124	73375	73375	{(2124,73375),(7452,73375)}
7452	73375	73375	{(2124,73375),(7452,73375)}
2928	73623	73623	{(2928,73623),(2858,73623)}
2858	73623	73623	{(2928,73623),(2858,73623)}
8944	73891	73891	{(8944,73891),(780,73891)}
780	73891	73891	{(8944,73891),(780,73891)}
8529	74063	74063	{(8529,74063),(6840,74063)}
6840	74063	74063	{(8529,74063),(6840,74063)}
3032	74079	74079	{(3032,74079),(9169,74079)}
9169	74079	74079	{(3032,74079),(9169,74079)}
6805	74090	74090	{(6805,74090),(7502,74090)}
7502	74090	74090	{(6805,74090),(7502,74090)}
2507	74301	74301	{(2507,74301),(5270,74301)}
5270	74301	74301	{(2507,74301),(5270,74301)}
8888	74318	74318	{(8888,74318),(4564,74318)}
4564	74318	74318	{(8888,74318),(4564,74318)}
9566	74382	74382	{(9566,74382),(7125,74382)}
7125	74382	74382	{(9566,74382),(7125,74382)}
5823	74954	74954	{(5823,74954),(8822,74954)}
8822	74954	74954	{(5823,74954),(8822,74954)}
4339	74970	74970	{(4339,74970),(632,74970)}
632	74970	74970	{(4339,74970),(632,74970)}
9542	75043	75043	{(9542,75043),(1496,75043)}
1496	75043	75043	{(9542,75043),(1496,75043)}
5161	75330	75330	{(5161,75330),(3439,75330)}
3439	75330	75330	{(5161,75330),(3439,75330)}
3243	75371	75371	{(3243,75371),(4634,75371)}
4634	75371	75371	{(3243,75371),(4634,75371)}
7513	75599	75599	{(7513,75599),(7032,75599)}
7032	75599	75599	{(7513,75599),(7032,75599)}
7862	76092	76092	{(7862,76092),(2915,76092)}
2915	76092	76092	{(7862,76092),(2915,76092)}
8095	76391	76391	{(8095,76391),(7831,76391)}
7831	76391	76391	{(8095,76391),(7831,76391)}
2701	76575	76575	{(2701,76575),(7479,76575)}
7479	76575	76575	{(2701,76575),(7479,76575)}
8896	77108	77108	{(8896,77108),(4070,77108)}
4070	77108	77108	{(8896,77108),(4070,77108)}
8290	77220	77220	{(8290,77220),(694,77220)}
694	77220	77220	{(8290,77220),(694,77220)}
8442	77503	77503	{(8442,77503),(7779,77503)}
7779	77503	77503	{(8442,77503),(7779,77503)}
4111	78658	78658	{(4111,78658),(8132,78658)}
8132	78658	78658	{(4111,78658),(8132,78658)}
2333	78780	78780	{(2333,78780),(3901,78780)}
3901	78780	78780	{(2333,78780),(3901,78780)}
4106	79112	79112	{(4106,79112),(6583,79112)}
6583	79112	79112	{(4106,79112),(6583,79112)}
9873	79114	79114	{(9873,79114),(2766,79114)}
2766	79114	79114	{(9873,79114),(2766,79114)}
9261	79116	79116	{(9261,79116),(7936,79116)}
7936	79116	79116	{(9261,79116),(7936,79116)}
254	79295	79295	{(254,79295),(8788,79295)}
8788	79295	79295	{(254,79295),(8788,79295)}
3968	79757	79757	{(3968,79757),(1485,79757)}
1485	79757	79757	{(3968,79757),(1485,79757)}
4319	80627	80627	{(4319,80627),(4293,80627)}
4293	80627	80627	{(4319,80627),(4293,80627)}
4947	80727	80727	{(4947,80727),(4333,80727)}
4333	80727	80727	{(4947,80727),(4333,80727)}
2677	80981	80981	{(2677,80981),(148,80981)}
148	80981	80981	{(2677,80981),(148,80981)}
3358	81347	81347	{(3358,81347),(4598,81347)}
4598	81347	81347	{(3358,81347),(4598,81347)}
7625	82153	82153	{(7625,82153),(3675,82153)}
3675	82153	82153	{(7625,82153),(3675,82153)}
6919	82225	82225	{(6919,82225),(1295,82225)}
1295	82225	82225	{(6919,82225),(1295,82225)}
8181	82270	82270	{(8181,82270),(6669,82270)}
6669	82270	82270	{(8181,82270),(6669,82270)}
4864	82442	82442	{(4864,82442),(1572,82442)}
1572	82442	82442	{(4864,82442),(1572,82442)}
4673	83381	83381	{(4673,83381),(9313,83381)}
9313	83381	83381	{(4673,83381),(9313,83381)}
880	83445	83445	{(880,83445),(2589,83445)}
2589	83445	83445	{(880,83445),(2589,83445)}
4268	83680	83680	{(4268,83680),(6617,83680)}
6617	83680	83680	{(4268,83680),(6617,83680)}
5892	84003	84003	{(5892,84003),(8564,84003),(2144,84003)}
8564	84003	84003	{(5892,84003),(8564,84003),(2144,84003)}
2144	84003	84003	{(5892,84003),(8564,84003),(2144,84003)}
2383	84056	84056	{(2383,84056),(7831,84056)}
7831	84056	84056	{(2383,84056),(7831,84056)}
2958	84243	84243	{(2958,84243),(4746,84243)}
4746	84243	84243	{(2958,84243),(4746,84243)}
4951	84588	84588	{(4951,84588),(51,84588)}
51	84588	84588	{(4951,84588),(51,84588)}
2267	84652	84652	{(2267,84652),(3892,84652)}
3892	84652	84652	{(2267,84652),(3892,84652)}
2421	84805	84805	{(2421,84805),(6520,84805)}
6520	84805	84805	{(2421,84805),(6520,84805)}
4982	84855	84855	{(4982,84855),(3612,84855)}
3612	84855	84855	{(4982,84855),(3612,84855)}
834	85016	85016	{(834,85016),(2020,85016)}
2020	85016	85016	{(834,85016),(2020,85016)}
26	85236	85236	{(26,85236),(1787,85236)}
1787	85236	85236	{(26,85236),(1787,85236)}
3464	86026	86026	{(3464,86026),(6195,86026)}
6195	86026	86026	{(3464,86026),(6195,86026)}
5256	86564	86564	{(5256,86564),(119,86564)}
119	86564	86564	{(5256,86564),(119,86564)}
4931	86592	86592	{(4931,86592),(5748,86592)}
5748	86592	86592	{(4931,86592),(5748,86592)}
1857	86598	86598	{(1857,86598),(8416,86598)}
8416	86598	86598	{(1857,86598),(8416,86598)}
2099	86691	86691	{(2099,86691),(8236,86691)}
8236	86691	86691	{(2099,86691),(8236,86691)}
8211	86735	86735	{(8211,86735),(6709,86735)}
6709	86735	86735	{(8211,86735),(6709,86735)}
4740	87569	87569	{(4740,87569),(5868,87569)}
5868	87569	87569	{(4740,87569),(5868,87569)}
4389	87692	87692	{(4389,87692),(2180,87692)}
2180	87692	87692	{(4389,87692),(2180,87692)}
3282	88177	88177	{(3282,88177),(2105,88177)}
2105	88177	88177	{(3282,88177),(2105,88177)}
1960	88985	88985	{(1960,88985),(8492,88985)}
8492	88985	88985	{(1960,88985),(8492,88985)}
8178	89272	89272	{(8178,89272),(3804,89272)}
3804	89272	89272	{(8178,89272),(3804,89272)}
8007	89391	89391	{(8007,89391),(902,89391)}
902	89391	89391	{(8007,89391),(902,89391)}
7601	89405	89405	{(7601,89405),(322,89405)}
322	89405	89405	{(7601,89405),(322,89405)}
9840	89972	89972	{(9840,89972),(8782,89972)}
8782	89972	89972	{(9840,89972),(8782,89972)}
4153	90146	90146	{(4153,90146),(6460,90146)}
6460	90146	90146	{(4153,90146),(6460,90146)}
5028	91106	91106	{(5028,91106),(1475,91106)}
1475	91106	91106	{(5028,91106),(1475,91106)}
4990	91535	91535	{(4990,91535),(881,91535)}
881	91535	91535	{(4990,91535),(881,91535)}
9107	91743	91743	{(9107,91743),(323,91743)}
323	91743	91743	{(9107,91743),(323,91743)}
3586	92469	92469	{(3586,92469),(5352,92469)}
5352	92469	92469	{(3586,92469),(5352,92469)}
5030	92641	92641	{(5030,92641),(964,92641)}
964	92641	92641	{(5030,92641),(964,92641)}
8271	93005	93005	{(8271,93005),(1890,93005)}
1890	93005	93005	{(8271,93005),(1890,93005)}
539	93052	93052	{(539,93052),(4401,93052)}
4401	93052	93052	{(539,93052),(4401,93052)}
6287	93113	93113	{(6287,93113),(9619,93113),(4174,93113)}
9619	93113	93113	{(6287,93113),(9619,93113),(4174,93113)}
4174	93113	93113	{(6287,93113),(9619,93113),(4174,93113)}
2481	93446	93446	{(2481,93446),(449,93446)}
449	93446	93446	{(2481,93446),(449,93446)}
1076	93707	93707	{(1076,93707),(773,93707)}
773	93707	93707	{(1076,93707),(773,93707)}
2204	93854	93854	{(2204,93854),(7146,93854)}
7146	93854	93854	{(2204,93854),(7146,93854)}
3868	94245	94245	{(3868,94245),(733,94245)}
733	94245	94245	{(3868,94245),(733,94245)}
5864	94305	94305	{(5864,94305),(9570,94305)}
9570	94305	94305	{(5864,94305),(9570,94305)}
6068	94583	94583	{(6068,94583),(3481,94583)}
3481	94583	94583	{(6068,94583),(3481,94583)}
8244	95055	95055	{(8244,95055),(8198,95055)}
8198	95055	95055	{(8244,95055),(8198,95055)}
7859	95071	95071	{(7859,95071),(3780,95071)}
3780	95071	95071	{(7859,95071),(3780,95071)}
5174	95112	95112	{(5174,95112),(6826,95112)}
6826	95112	95112	{(5174,95112),(6826,95112)}
2932	95203	95203	{(2932,95203),(8702,95203)}
8702	95203	95203	{(2932,95203),(8702,95203)}
7832	95223	95223	{(7832,95223),(7599,95223)}
7599	95223	95223	{(7832,95223),(7599,95223)}
2442	95336	95336	{(2442,95336),(480,95336)}
480	95336	95336	{(2442,95336),(480,95336)}
2562	95380	95380	{(2562,95380),(56,95380)}
56	95380	95380	{(2562,95380),(56,95380)}
1052	95404	95404	{(1052,95404),(3294,95404)}
3294	95404	95404	{(1052,95404),(3294,95404)}
9105	95765	95765	{(9105,95765),(9902,95765),(5671,95765)}
9902	95765	95765	{(9105,95765),(9902,95765),(5671,95765)}
5671	95765	95765	{(9105,95765),(9902,95765),(5671,95765)}
4955	95785	95785	{(4955,95785),(328,95785)}
328	95785	95785	{(4955,95785),(328,95785)}
414	95964	95964	{(414,95964),(1439,95964)}
1439	95964	95964	{(414,95964),(1439,95964)}
2351	96025	96025	{(2351,96025),(7864,96025)}
7864	96025	96025	{(2351,96025),(7864,96025)}
356	96158	96158	{(356,96158),(7885,96158)}
7885	96158	96158	{(356,96158),(7885,96158)}
352	96492	96492	{(352,96492),(4027,96492)}
4027	96492	96492	{(352,96492),(4027,96492)}
1531	96800	96800	{(1531,96800),(2797,96800)}
2797	96800	96800	{(1531,96800),(2797,96800)}
8743	96836	96836	{(8743,96836),(9938,96836)}
9938	96836	96836	{(8743,96836),(9938,96836)}
2188	97034	97034	{(2188,97034),(6263,97034)}
6263	97034	97034	{(2188,97034),(6263,97034)}
9553	97138	97138	{(9553,97138),(7340,97138)}
7340	97138	97138	{(9553,97138),(7340,97138)}
848	97251	97251	{(848,97251),(5608,97251)}
5608	97251	97251	{(848,97251),(5608,97251)}
6093	97845	97845	{(6093,97845),(8008,97845)}
8008	97845	97845	{(6093,97845),(8008,97845)}
9797	97946	97946	{(9797,97946),(2233,97946)}
2233	97946	97946	{(9797,97946),(2233,97946)}
6644	98143	98143	{(6644,98143),(1992,98143)}
1992	98143	98143	{(6644,98143),(1992,98143)}
4304	98498	98498	{(4304,98498),(2549,98498)}
2549	98498	98498	{(4304,98498),(2549,98498)}
1628	98632	98632	{(1628,98632),(1208,98632)}
1208	98632	98632	{(1628,98632),(1208,98632)}
3295	98679	98679	{(3295,98679),(361,98679)}
361	98679	98679	{(3295,98679),(361,98679)}
3141	98932	98932	{(3141,98932),(5977,98932),(2625,98932)}
5977	98932	98932	{(3141,98932),(5977,98932),(2625,98932)}
2625	98932	98932	{(3141,98932),(5977,98932),(2625,98932)}
3284	99010	99010	{(3284,99010),(5453,99010)}
5453	99010	99010	{(3284,99010),(5453,99010)}
628	99028	99028	{(628,99028),(2606,99028)}
2606	99028	99028	{(628,99028),(2606,99028)}
4217	99134	99134	{(4217,99134),(2041,99134)}
2041	99134	99134	{(4217,99134),(2041,99134)}
1217	99416	99416	{(1217,99416),(3877,99416),(3108,99416)}
3877	99416	99416	{(1217,99416),(3877,99416),(3108,99416)}
3108	99416	99416	{(1217,99416),(3877,99416),(3108,99416)}
420	99895	99895	{(420,99895),(2218,99895)}
2218	99895	99895	{(420,99895),(2218,99895)}
